1941401
1897482
2112761
2016512
1820332
1360782
662172
216938
660010
660130
1118314
1275822
1343832
1828741
1927051
1496152
1983382
1808781
1977312
1700632
1829051
1567401
2092072
2119422
596501
2156011
2177061
2170321
1825161
1383152
1496243
2121741
1375021
2292161
1312081
2216261
2005791
2006441
442052
442070
442090
442100
442101
442120
442140
442180
442190
442210
442220
442230
442240
442260
442280
442290
442310
442311
442312
442313
442314
442315
442316
442317
442318
442319
442320
442321
442322
442323
442324
442325
442326
442327
441670
441680
441690
441700
441710
441720
441730
441750
441760
441770
441780
441781
441782
441790
441830
441850
441870
441910
441920
441930
441940
441950
441960
441990
442000
442010
442020
442050
442051
441270
441280
441290
441350
441370
441380
441420
441430
441440
441451
441452
441453
441454
441455
441456
441457
441470
441480
441490
441510
441520
441560
441600
441640
440860
440880
440914
440950
440980
441010
441040
441050
441060
441090
441230
441250
441260
440380
440390
440400
440410
440420
440430
440431
440432
440433
440434
440435
440436
440437
440438
440450
440470
440520
440530
440540
440550
440630
440640
440650
440660
440690
440720
440730
440740
440750
440760
440770
440790
440800
440810
440820
439900
439910
439940
439950
439960
440020
440030
440040
440050
440090
440120
440130
440140
440150
440160
440170
440180
440200
440210
440240
440250
440340
440350
439410
439420
439440
439450
439460
439470
439480
439490
439500
439501
439510
439530
439540
439541
439550
439560
439570
439580
439590
439600
439610
439620
439630
439640
439650
439680
439690
439700
439710
439720
439730
439740
439750
439760
439770
439780
439790
439800
439830
439860
439880
438900
438901
438902
438903
438904
438905
438906
438910
438920
438940
438950
438951
438960
438980
438990
439030
439050
439070
439090
439110
439130
439150
439170
439190
439230
439231
439232
439240
439241
439250
439260
439310
439330
439340
439360
439370
439390
439400
438420
438430
438440
438450
438460
438480
438490
438510
438520
438530
438560
438590
438600
438640
438650
438660
438680
438690
438700
438710
438720
438730
438770
438780
438790
438810
438820
438831
438840
438850
438860
438870
437930
437940
437950
437960
437970
437980
437990
438000
438010
438020
438030
438050
438060
438061
438062
438070
438071
438080
438090
438110
438120
438130
438150
438160
438170
438180
438200
438210
438220
438230
438240
438250
438260
438300
438310
438320
438330
438340
438350
438360
438380
438390
437430
437520
437530
437550
437560
437570
437580
437590
437610
437620
437630
437640
437660
437690
437700
437701
437702
437710
437720
437730
437740
437790
437800
437860
437870
437880
437900
437920
437110
437140
437150
437160
437180
437220
437230
437231
437233
437240
437250
437300
437301
437302
437303
437340
437360
437380
437390
437410
437420
436662
436663
436664
436665
436666
436667
436668
436669
436670
436690
436700
436710
436720
436730
436740
436780
436790
436800
436810
436850
436870
436880
436890
436910
436920
436940
436950
436990
437000
437010
437020
437030
437050
437060
437070
437080
437090
437100
436612
436613
436614
436615
436616
436617
436618
436619
436620
436621
436622
436623
436624
436625
436626
436627
436628
436629
436630
436631
436632
436633
436634
436635
436636
436637
436638
436639
436640
436641
436642
436643
436644
436645
436646
436647
436648
436649
436650
436651
436652
436653
436654
436655
436656
436657
436658
436659
436660
436661
436490
436500
436510
436520
436550
436560
436570
436571
436572
436573
436574
436575
436576
436577
436578
436579
436580
436581
436582
436583
436584
436585
436586
436587
436588
436589
436590
436591
436592
436593
436594
436595
436596
436597
436598
436599
436600
436601
436602
436603
436604
436605
436606
436607
436608
436609
436610
436611
436040
436050
436060
436080
436082
436090
436110
436120
436121
436130
436140
436150
436160
436170
436180
436190
436230
436240
436250
436251
436260
436270
436280
436290
436310
436320
436340
436350
436360
436390
436400
436420
436430
436460
436470
436480
435530
2572980
2572990
2573000
2573010
2573020
2573030
2573040
2573050
2573080
2573090
2573100
2573120
2573130
2573150
2573170
2573190
2573200
2573210
2573230
2573240
2573260
2573270
2573280
2573290
2573300
2573310
2573320
2573330
2573340
2573350
2573360
2573370
2573380
2573390
2573400
2573410
2573420
2573430
2573440
2572460
2572470
2572480
2572490
2572500
2572510
2572520
2572530
2572550
2572560
2572600
2572620
2572630
2572690
2572720
2572740
2572800
2572820
2572830
2572840
2572850
2572860
2572870
2572880
2572910
2572920
2572930
2571980
2572000
2572010
2572020
2572030
2572040
2572050
2572060
2572070
2572100
2572130
2572150
2572180
2572200
2572220
2572240
2572260
2572280
2572290
2572300
2572320
2572330
2572340
2572350
2572360
2572370
2572410
2572420
2572430
2572440
2572450
2571460
2571480
2571490
2571500
2571520
2571530
2571540
2571550
2571560
2571570
2571580
2571590
2571600
2571610
2571620
2571630
2571650
2571660
2571670
2571680
2571690
2571700
2571710
2571720
2571730
2571750
2571770
2571780
2571800
2571810
2571840
2571850
2571870
2571880
2571900
2570950
2570980
2571010
2571020
2571030
2571040
2571080
2571090
2571120
2571130
2571140
2571160
2571170
2571180
2571200
2571230
2571240
2571270
2571290
2571310
2571320
2571330
2571340
2571350
2571400
2571410
2571420
2571430
2571440
2570450
2570460
2570480
2570500
2570530
2570560
2570570
2570590
2570620
2570640
2570670
2570690
2570710
2570720
2570730
2570740
2570760
2570770
2570800
2570810
2570820
2570830
2570850
2570860
2570870
2570880
2570900
2570910
2570920
2570930
2569950
2569960
2569970
2569980
2569990
2570020
2570040
2570050
2570060
2570070
2570080
2570110
2570120
2570130
2570140
2570150
2570160
2570170
2570200
2570210
2570220
2570230
2570270
2570280
2570320
2570330
2570380
2570390
2570400
2570410
2570420
2570430
2570440
2569460
2569470
2569490
2569500
2569520
2569540
2569550
2569560
2569570
2569580
2569590
2569600
2569610
2569630
2569650
2569660
2569670
2569680
2569690
2569710
2569720
2569740
2569750
2569780
2569800
2569820
2569830
2569840
2569850
2569860
2569870
2569880
2569890
2569910
2569920
2569930
2568950
2568960
2568990
2569030
2569050
2569060
2569120
2569130
2569160
2569170
2569190
2569210
2569220
2569230
2569240
2569250
2569280
2569310
2569320
2569340
2569350
2569360
2569390
2569410
2569430
2569440
2568450
2568460
2568480
2568510
2568520
2568540
2568560
2568570
2568590
2568600
2568610
2568640
2568650
2568660
2568690
2568700
2568710
2568740
2568750
2568770
2568780
2568790
2568800
2568810
2568840
2568860
2568870
2568880
2568890
2568900
2568910
2568930
2567950
2567970
2568000
2568020
2568040
2568050
2568060
2568070
2568080
2568090
2568100
2568110
2568120
2568130
2568140
2568150
2568160
2568170
2568180
2568190
2568200
2568210
2568220
2568360
2568400
2568410
2568430
2567450
2567460
2567480
2567490
2567510
2567530
2567550
2567570
2567590
2567600
2567620
2567630
2567670
2567680
2567690
2567700
2567710
2567730
2567740
2567750
2567760
2567770
2567780
2567790
2567800
2567810
2567840
2567860
2567880
2567890
2567900
2567910
2567920
2567930
2567940
2566940
2566960
2566970
2566980
2566990
2567000
2567010
2567040
2567050
2567060
2567070
2567090
2567100
2567170
2567190
2567210
2567230
2567250
2567260
2567270
2567290
2567300
2567320
2567330
2567340
2567360
2567370
2567390
2567400
2567410
2567420
2567430
2566440
2566450
2566460
2566470
2566480
2566490
2566510
2566520
2566530
2566540
2566560
2566570
2566580
2566620
2566630
2566640
2566650
2566660
2566700
2566710
2566730
2566740
2566760
2566770
2566780
2566790
2566830
2566840
2566870
2565940
2565960
2565970
2565980
2565990
2566000
2566010
2566020
2566030
2566040
2566050
2566060
2566070
2566080
2566090
2566100
2566110
2566130
2566150
2566160
2566190
2566200
2566210
2566220
2566230
2566240
2566260
2566270
2566310
2566320
2566330
2566350
2566360
2566370
2566380
2566400
2566410
2566430
2565440
2565450
2565460
2565470
2565480
2565490
2565500
2565520
2565530
2565540
2565560
2565580
2565590
2565610
2565650
2565660
2565670
2565690
2565730
2565750
2565760
2565770
2565780
2565790
2565800
2565810
2565820
2565830
2565870
2565880
2565890
2565900
2565910
2565920
2565930
2564940
2564950
2564980
2565000
2565010
2565030
2565040
2565050
2565060
2565070
2565080
2565090
2565100
2565110
2565170
2565180
2565190
2565200
2565210
2565240
2565260
2565290
2565300
2565310
2565320
2565340
2565350
2565360
2565380
2565410
2565420
2564440
2564450
2564460
2564500
2564540
2564550
2564560
2564570
2564580
2564590
2564600
2564630
2564650
2564660
2564670
2564680
2564700
2564710
2564720
2564730
2564740
2564750
2564760
2564770
2564790
2564810
2564820
2564840
2564850
2564870
2564880
2564900
2564910
2564920
2563930
2563940
2563960
2563970
2563980
2564000
2564010
2564020
2564030
2564040
2564050
2564070
2564080
2564090
2564100
2564110
2564120
2564170
2564190
2564200
2564210
2564220
2564230
2564240
2564260
2564290
2564320
2564330
2564340
2564350
2564370
2564390
2564410
2563430
2563440
2563450
2563460
2563490
2563520
2563540
2563550
2563560
2563570
2563580
2563660
2563670
2563680
2563700
2563710
2563730
2563740
2563760
2563770
2563780
2563790
2563800
2563820
2563830
2563840
2563850
2563910
2562930
2562980
2563030
2563040
2563050
2563070
2563080
2563090
2563110
2563120
2563130
2563140
2563150
2563160
2563170
2563180
2563200
2563210
2563230
2563240
2563250
2563270
2563290
2563300
2563310
2563330
2563340
2563350
2563360
2563380
2563400
2563410
2563420
2562430
2562450
2562460
2562470
2562480
2562490
2562500
2562510
2562530
2562540
2562560
2562580
2562590
2562610
2562620
2562680
2562710
2562730
2562740
2562760
2562770
2562780
2562810
2562820
2562840
2562860
2562870
2562880
2562890
2562900
2562920
2561930
2561940
2561950
2561960
2561970
2561980
2561990
2562000
2562010
2562020
2562030
2562040
2562050
2562080
2562100
2562110
2562120
2562130
2562140
2562150
2562170
2562180
2562190
2562210
2562220
2562230
2562240
2562280
2562290
2562300
2562310
2562330
2562360
2562400
2562410
2561440
2561460
2561470
2561480
2561500
2561530
2561560
2561570
2561580
2561590
2561610
2561620
2561650
2561660
2561710
2561720
2561740
2561750
2561770
2561780
2561790
2561800
2561810
2561840
2561850
2561860
2561870
2561880
2561890
2561920
2560940
2560950
2560960
2560980
2560990
2561020
2561050
2561060
2561070
2561080
2561090
2561100
2561110
2561120
2561140
2561150
2561160
2561180
2561190
2561200
2561210
2561230
2561260
2561270
2561280
2561310
2561320
2561330
2561340
2561350
2561360
2561370
2561380
2561390
2560430
2560440
2560460
2560480
2560490
2560510
2560520
2560530
2560540
2560560
2560590
2560600
2560620
2560640
2560650
2560660
2560670
2560680
2560690
2560720
2560730
2560740
2560750
2560780
2560790
2560810
2560820
2560830
2560840
2560850
2560860
2560870
2560900
2560910
2560920
2559930
2559950
2559960
2559980
2559990
2560020
2560030
2560040
2560060
2560070
2560090
2560110
2560120
2560140
2560170
2560200
2560220
2560250
2560260
2560280
2560290
2560300
2560320
2560330
2560360
2560370
2560380
2560390
2560400
2559420
2559450
2559460
2559470
2559510
2559520
2559530
2559540
2559550
2559560
2559590
2559600
2559610
2559630
2559640
2559680
2559690
2559700
2559710
2559720
2559740
2559760
2559770
2559780
2559790
2559810
2559820
2559840
2559850
2559860
2559870
2559880
2559890
2559900
2558940
2558970
2558980
2559020
2559040
2559050
2559060
2559070
2559110
2559130
2559140
2559170
2559190
2559210
2559220
2559240
2559250
2559260
2559270
2559280
2559290
2559310
2559320
2559330
2559340
2559350
2559360
2559370
2559390
2559400
2558420
2558430
2558440
2558480
2558500
2558510
2558520
2558530
2558540
2558560
2558570
2558580
2558590
2558600
2558620
2558630
2558650
2558660
2558670
2558680
2558690
2558700
2558710
2558730
2558740
2558750
2558800
2558820
2558830
2558860
2558870
2558880
2558890
2557950
2557970
2557980
2557990
2558020
2558050
2558060
2558070
2558090
2558100
2558120
2558140
2558180
2558190
2558200
2558210
2558220
2558250
2558260
2558280
2558290
2558300
2558320
2558330
2558350
2558360
2558400
2557410
2557420
2557430
2557440
2557460
2557470
2557480
2557500
2557510
2557520
2557530
2557540
2557580
2557590
2557600
2557610
2557640
2557650
2557660
2557680
2557690
2557700
2557710
2557720
2557730
2557740
2557750
2557770
2557790
2557860
2557870
2557880
2557890
2557900
2556910
2556920
2556940
2556950
2556960
2556970
2556980
2556990
2557000
2557020
2557040
2557080
2557100
2557110
2557120
2557130
2557140
2557150
2557160
2557170
2557180
2557190
2557200
2557210
2557320
2557330
2557340
2557350
2557370
2557380
2557390
2557400
2556410
2556420
2556450
2556460
2556470
2556480
2556490
2556500
2556510
2556520
2556540
2556570
2556610
2556620
2556630
2556640
2556660
2556670
2556680
2556690
2556700
2556720
2556730
2556760
2556770
2556780
2556790
2556800
2556810
2556830
2556840
2556850
2556860
2556870
2556880
2556900
2555920
2555930
2555970
2555980
2556000
2556010
2556020
2556030
2556040
2556050
2556060
2556080
2556090
2556100
2556160
2556170
2556180
2556210
2556240
2556250
2556280
2556290
2556300
2556320
2556330
2556340
2556360
2556380
2556390
2556400
2555420
2555440
2555450
2555460
2555520
2555540
2555560
2555570
2555580
2555590
2555630
2555650
2555680
2555690
2555710
2555740
2555780
2555830
2555840
2555850
2555860
2555870
2555900
2554900
2554930
2554940
2554950
2554960
2554980
2555010
2555020
2555030
2555040
2555060
2555070
2555080
2555090
2555120
2555150
2555160
2555180
2555210
2555220
2555230
2555260
2555270
2555280
2555290
2555300
2555320
2555350
2555360
2555370
2554400
2554410
2554420
2554430
2554440
2554450
2554460
2554470
2554480
2554490
2554500
2554510
2554520
2554530
2554540
2554550
2554560
2554570
2554580
2554590
2554600
2554610
2554620
2554630
2554640
2554650
2554670
2554690
2554740
2554760
2554770
2554780
2554800
2554820
2554830
2554870
2554880
2554890
2553910
2553920
2553930
2553940
2553950
2553960
2553980
2554000
2554010
2554020
2554030
2554040
2554050
2554060
2554070
2554080
2554090
2554100
2554110
2554120
2554130
2554140
2554150
2554160
2554170
2554180
2554190
2554200
2554210
2554220
2554230
2554240
2554250
2554260
2554270
2554280
2554290
2554310
2554320
2554330
2554340
2554350
2554360
2554370
2554380
2554390
2553400
2553410
2553420
2553430
2553440
2553470
2553480
2553490
2553500
2553510
2553530
2553550
2553560
2553580
2553590
2553600
2553640
2553680
2553690
2553700
2553710
2553720
2553740
2553760
2553770
2553780
2553790
2553800
2553810
2553820
2553830
2553840
2553850
2553860
2553870
2553880
2553890
2552900
2552910
2552920
2552940
2552960
2552980
2552990
2553010
2553030
2553060
2553070
2553080
2553100
2553110
2553130
2553150
2553160
2553180
2553210
2553220
2553230
2553240
2553250
2553260
2553270
2553280
2553320
2553330
2553340
2553350
2553370
2553380
2553390
2552410
2552430
2552450
2552460
2552470
2552480
2552490
2552500
2552510
2552520
2552530
2552540
2552550
2552560
2552600
2552620
2552630
2552650
2552660
2552680
2552730
2552740
2552820
2552850
2552860
2552890
2551880
2551940
2551950
2551960
2551970
2551980
2552000
2552010
2552080
2552100
2552120
2552130
2552170
2552190
2552200
2552230
2552240
2552250
2552260
2552280
2552290
2552300
2552320
2552330
2552340
2552380
2552390
2551380
2551430
2551440
2551480
2551490
2551500
2551510
2551520
2551530
2551550
2551580
2551590
2551600
2551620
2551650
2551660
2551680
2551690
2551700
2551720
2551730
2551740
2551750
2551760
2551770
2551780
2551790
2551800
2551810
2551820
2551830
2551840
2551850
2551860
2551870
2550910
2550920
2550930
2550940
2550980
2550990
2551000
2551010
2551030
2551050
2551080
2551100
2551120
2551130
2551140
2551170
2551180
2551190
2551200
2551210
2551220
2551240
2551250
2551260
2551300
2550350
2550360
2550370
2550380
2550420
2550440
2550460
2550470
2550480
2550490
2550500
2550510
2550520
2550540
2550550
2550560
2550590
2550630
2550660
2550690
2550700
2550720
2550730
2550740
2550750
2550790
2550800
2550810
2550820
2550830
2550840
2550860
2549860
2549870
2549880
2549890
2549900
2549930
2549940
2549950
2549960
2549970
2549990
2550000
2550010
2550020
2550030
2550040
2550050
2550100
2550120
2550130
2550140
2550170
2550190
2550230
2550240
2550260
2550270
2550280
2550300
2550320
2550330
2550340
2549340
2549350
2549390
2549440
2549460
2549490
2549540
2549550
2549580
2549600
2549620
2549630
2549660
2549680
2549690
2549700
2549720
2549730
2549740
2549750
2549760
2549780
2548830
2548840
2548860
2548870
2548880
2548910
2548920
2548930
2548940
2548950
2548980
2549000
2549020
2549030
2549040
2549080
2549090
2549100
2549110
2549120
2549140
2549150
2549170
2549180
2549190
2549200
2549240
2549250
2549260
2549270
2549280
2549290
2549310
2549320
2548330
2548340
2548350
2548360
2548370
2548380
2548390
2548400
2548410
2548450
2548500
2548530
2548570
2548580
2548600
2548620
2548630
2548640
2548650
2548660
2548670
2548680
2548720
2548730
2548740
2548770
2548780
2548810
2548820
2547830
2547860
2547890
2547930
2547940
2547950
2547960
2547980
2548000
2548010
2548050
2548070
2548080
2548120
2548130
2548140
2548160
2548170
2548180
2548220
2548240
2548250
2548260
2548270
2548280
2548300
2548310
2548320
2547330
2547340
2547400
2547410
2547430
2547480
2547490
2547500
2547510
2547530
2547540
2547570
2547580
2547590
2547610
2547620
2547630
2547660
2547670
2547730
2547740
2547750
2547760
2547770
2547780
2547810
2546820
2546830
2546860
2546870
2546880
2546890
2546900
2546920
2546930
2546940
2546960
2546970
2546980
2547000
2547020
2547030
2547040
2547050
2547060
2547090
2547110
2547130
2547140
2547150
2547160
2547170
2547180
2547200
2547210
2547230
2547240
2547260
2547270
2547280
2546330
2546340
2546350
2546370
2546390
2546400
2546410
2546450
2546460
2546470
2546480
2546490
2546520
2546550
2546570
2546620
2546630
2546640
2546680
2546690
2546700
2546710
2546720
2546730
2546750
2546760
2546770
2546780
2546810
2545800
2545810
2545830
2545840
2545860
2545900
2545920
2545930
2545940
2545950
2546000
2546040
2546070
2546090
2546110
2546130
2546140
2546150
2546160
2546170
2546180
2546200
2546220
2546230
2546240
2546250
2546270
2546300
2546310
2545290
2545310
2545320
2545330
2545340
2545350
2545370
2545380
2545390
2545400
2545410
2545420
2545430
2545440
2545450
2545460
2545470
2545530
2545550
2545570
2545620
2545630
2545640
2545660
2545680
2545700
2545720
2545740
2545760
2545780
2545790
2544820
2544830
2544840
2544850
2544870
2544880
2544890
2544900
2544910
2544920
2544930
2544940
2544970
2544990
2545010
2545020
2545050
2545060
2545070
2545090
2545120
2545130
2545140
2545150
2545160
2545170
2545180
2545190
2545200
2545230
2545270
2545280
2544280
2544300
2544330
2544340
2544390
2544400
2544410
2544420
2544470
2544490
2544500
2544520
2544530
2544540
2544550
2544570
2544580
2544590
2544600
2544610
2544640
2544650
2544660
2544670
2544680
2544690
2544720
2544730
2544740
2544750
2544760
2543760
2543770
2543810
2543820
2543840
2543880
2543900
2543920
2543930
2543940
2543950
2543970
2543980
2543990
2544010
2544020
2544030
2544040
2544050
2544060
2544070
2544080
2544090
2544100
2544110
2544120
2544140
2544150
2544160
2544180
2544190
2544220
2544230
2544250
2543260
2543290
2543300
2543310
2543340
2543350
2543380
2543410
2543420
2543430
2543460
2543490
2543530
2543540
2543550
2543560
2543570
2543580
2543590
2543600
2543610
2543620
2543640
2543650
2543660
2543680
2543690
2543710
2543720
2543740
2543750
2542750
2542770
2542800
2542810
2542820
2542830
2542850
2542860
2542880
2542890
2542950
2542970
2542980
2542990
2543000
2543010
2543020
2543030
2543040
2543060
2543070
2543100
2543110
2543120
2543130
2543140
2543150
2543170
2543220
2543230
2543240
2542310
2542320
2542330
2542360
2542370
2542380
2542390
2542430
2542440
2542450
2542460
2542470
2542480
2542500
2542520
2542530
2542550
2542560
2542570
2542580
2542590
2542600
2542630
2542650
2542660
2542670
2542680
2542690
2542710
2542730
2542740
2541750
2541790
2541800
2541810
2541820
2541840
2541860
2541870
2541880
2541900
2541920
2541930
2541940
2541950
2541970
2541980
2541990
2542000
2542010
2542050
2542060
2542080
2542090
2542100
2542110
2542140
2542150
2542160
2542170
2542180
2542190
2542200
2542230
2542240
2541280
2541300
2541310
2541320
2541340
2541350
2541370
2541380
2541390
2541400
2541410
2541440
2541470
2541480
2541520
2541530
2541560
2541570
2541580
2541590
2541600
2541620
2541670
2541680
2541690
2541700
2541710
2541740
2540740
2540750
2540770
2540800
2540810
2540820
2540830
2540840
2540850
2540860
2540870
2540890
2540900
2540910
2540920
2540930
2540940
2540950
2540970
2540980
2540990
2541020
2541040
2541050
2541070
2541100
2541120
2541140
2541150
2541160
2541170
2541180
2541190
2541200
2541210
2540230
2540240
2540250
2540260
2540270
2540280
2540290
2540300
2540310
2540330
2540340
2540370
2540380
2540390
2540400
2540410
2540420
2540440
2540450
2540460
2540470
2540480
2540490
2540510
2540530
2540540
2540550
2540570
2540580
2540610
2540630
2540640
2540660
2540680
2540690
2540710
2540720
2539730
2539750
2539780
2539790
2539800
2539820
2539840
2539870
2539880
2539890
2539910
2539940
2539950
2539960
2539970
2539990
2540000
2540010
2540020
2540040
2540060
2540080
2540100
2540110
2540120
2540130
2540140
2540150
2540160
2540170
2540180
2540190
2540200
2540220
2539230
2539280
2539290
2539300
2539320
2539330
2539340
2539350
2539360
2539370
2539420
2539430
2539440
2539530
2539540
2539550
2539560
2539570
2539590
2539600
2539610
2539620
2539630
2539670
2539680
2538730
2538750
2538760
2538780
2538790
2538820
2538830
2538850
2538860
2538870
2538880
2538890
2538900
2538910
2538920
2538950
2538960
2538980
2539000
2539010
2539030
2539050
2539060
2539070
2539080
2539090
2539100
2539110
2539120
2539130
2539150
2539160
2539190
2539210
2538220
2538250
2538270
2538280
2538300
2538310
2538340
2538350
2538370
2538380
2538390
2538400
2538420
2538430
2538440
2538450
2538470
2538480
2538490
2538510
2538550
2538570
2538580
2538660
2538670
2538680
2538710
2537720
2537740
2537750
2537760
2537770
2537790
2537870
2537910
2537920
2537960
2537970
2537980
2537990
2538000
2538030
2538050
2538070
2538080
2538090
2538100
2538120
2538140
2538150
2538160
2538170
2538180
2538200
2537220
2537230
2537250
2537270
2537290
2537330
2537360
2537380
2537390
2537400
2537430
2537450
2537460
2537470
2537480
2537490
2537500
2537510
2537550
2537560
2537630
2537650
2537680
2536710
2536730
2536750
2536760
2536800
2536820
2536840
2536860
2536880
2536890
2536900
2536910
2536920
2536930
2536940
2536950
2536970
2536990
2537020
2537040
2537050
2537070
2537100
2537120
2537140
2537150
2537190
2537200
2536210
2536220
2536240
2536250
2536270
2536300
2536330
2536340
2536360
2536370
2536380
2536390
2536420
2536430
2536440
2536460
2536470
2536530
2536570
2536580
2536590
2536600
2536610
2536620
2536630
2536650
2536660
2536670
2536690
2536700
2535720
2535730
2535750
2535780
2535790
2535800
2535810
2535820
2535840
2535860
2535870
2535880
2535890
2535900
2535910
2535920
2535930
2535940
2535960
2535970
2535990
2536000
2536010
2536020
2536070
2536080
2536090
2536100
2536110
2536120
2536130
2536140
2536170
2536180
2536190
2536200
2535370
2535380
2535410
2535420
2535490
2535530
2535550
2535560
2535570
2535600
2535640
2535660
2535670
2535690
2535700
2534710
2534720
2534730
2534780
2534790
2534830
2534850
2534860
2534880
2534890
2534910
2534930
2534940
2534970
2534980
2534990
2535010
2535060
2534190
2534200
2534210
2534250
2534270
2534280
2534300
2534310
2534320
2534330
2534340
2534370
2534380
2534410
2534430
2534440
2534450
2534470
2534480
2534490
2534520
2534530
2534540
2534550
2534560
2534590
2534600
2534620
2534650
2534660
2534670
2534690
2534700
2533690
2533700
2533740
2533750
2533770
2533780
2533790
2533810
2533830
2533870
2533890
2533910
2533960
2533970
2533980
2534010
2534020
2534040
2534060
2534080
2534090
2534120
2534130
2534140
2533170
2533190
2533200
2533230
2533260
2533280
2533320
2533330
2533340
2533350
2533360
2533390
2533410
2533420
2533430
2533440
2533450
2533460
2533470
2533480
2533490
2533550
2533580
2533590
2533600
2533610
2533620
2533640
2533670
2533680
2532680
2532700
2532710
2532720
2532730
2532740
2532750
2532760
2532770
2532780
2532790
2532800
2532810
2532820
2532830
2532860
2532880
2532890
2532900
2532910
2532930
2532940
2532960
2532990
2533000
2533020
2533030
2533050
2533060
2533100
2533110
2533120
2533130
2533150
2532160
2532180
2532190
2532200
2532210
2532220
2532240
2532260
2532270
2532280
2532300
2532310
2532320
2532350
2532360
2532380
2532400
2532500
2532510
2532520
2532530
2532550
2532590
2532620
2532640
2532660
2531650
2531660
2531670
2531680
2531690
2531700
2531710
2531720
2531730
2531740
2531760
2531770
2531780
2531790
2531800
2531830
2531840
2531850
2531890
435570
435610
435730
435740
435750
435760
435770
435780
435790
435800
435820
435840
435881
435890
435910
435960
435961
435963
436000
436030
435174
435175
435176
435177
435200
435210
435220
435230
435240
435250
435260
435300
435330
435340
435360
435370
435380
435390
435400
435420
435440
435450
435480
435490
435500
435520
434790
434800
434820
434830
434840
434860
434870
434880
434900
434901
434910
434920
434930
434940
434941
434942
434943
434944
434950
434960
434970
434980
435000
435010
435030
435040
435050
435060
435070
435080
435090
435100
435110
435111
435120
435130
435140
435150
435160
435170
435171
435172
435173
434300
434310
434340
434350
434360
434370
434390
434400
434420
434430
434460
434470
434480
434490
434500
434510
434530
434540
434550
434570
434580
434600
434610
434620
434630
434631
434632
434633
434640
434660
434680
434700
434730
434740
434750
434760
433900
433910
433920
433930
433950
433960
433970
434000
434020
434030
434040
434041
434060
434061
434062
434063
434064
434065
434066
434067
434068
434069
434070
434090
434120
434130
434140
434150
434160
434170
434180
434190
434210
434220
434230
434240
434250
434260
434268
434270
434280
433480
433490
433520
433530
433560
433570
433580
433590
433600
433630
433640
433650
433660
433670
433700
433710
433730
433740
433741
433744
433745
433746
433750
433780
433790
433800
433830
433840
433850
433860
433020
433021
433040
433050
433080
433090
433091
433100
433110
433120
433130
433170
433180
433190
433200
433210
433220
433241
433242
433280
433290
433300
433320
433350
433360
433370
433380
433390
433400
433420
433430
433450
432530
432540
432580
432590
432600
432610
432620
432640
432650
432660
432670
432710
432720
432760
432770
432780
432800
432810
432840
432850
432870
432890
432950
432970
432980
432990
433000
431980
432010
432030
432060
432080
432100
432110
432130
432170
432190
432200
432210
432220
432230
432240
432250
432270
432290
432310
432330
432350
432370
432380
432390
432410
432420
432440
432450
432470
432480
432490
432500
432510
431460
431470
431490
431500
431510
431520
431540
431570
431590
431600
431610
431620
431621
431630
431640
431650
431680
431700
431710
431730
431740
431770
431780
431790
431800
431810
431820
431830
431840
431850
431910
431930
431940
431950
430960
431030
431050
431060
431120
431170
431180
431190
431191
431200
431220
431230
431240
431250
431260
431280
431290
431300
431320
431330
431340
431350
431370
431390
431410
431420
431430
431450
430342
430343
430344
430345
430346
430347
430349
430350
430351
430353
430354
430370
430390
430400
430410
430430
430480
430890
430940
430092
430093
430094
430100
430110
430120
430170
430180
430181
430182
430190
430200
430210
430220
430230
430240
430250
430260
430261
430280
430290
430300
430310
430311
430312
430313
430314
430315
430316
430317
430318
430319
430320
430321
430322
430323
430324
430330
430340
430341
429720
429760
429780
429810
429820
429830
429870
429871
429872
429880
429881
429890
429900
429901
429902
429903
429904
429905
429906
429907
429908
429920
429940
429950
429960
430000
430020
430040
430050
430060
430061
430070
430080
430090
430091
429250
429260
429270
429280
429300
429330
429350
429360
429400
429430
429450
429460
429461
429462
429470
429480
429490
429520
429530
429540
429570
429580
429590
429600
429610
429620
429630
429660
429680
429690
429700
429710
429711
428710
428720
428730
428740
428750
428770
428780
428800
428810
428820
428821
428830
428840
428860
428870
428880
428890
428900
428910
428920
428930
428940
428950
428970
428980
429010
429011
429020
429040
429050
429110
429120
429160
429200
429220
428320
428340
428350
428370
428400
428410
428420
428430
428460
428490
428500
428501
428510
428520
428530
428540
428550
428560
428561
428562
428563
428564
428590
428600
428601
428602
428603
428604
428605
428610
428630
428660
427860
427880
427890
427910
427920
427930
427940
427950
427970
427980
428010
428020
428030
428040
428050
428060
428080
428090
428100
428110
428130
428140
428170
428180
428190
428200
428210
428220
428230
428240
428250
428260
428270
428280
428310
428311
428312
427470
427510
427520
427550
427560
427561
427570
427601
427603
427630
427640
427650
427660
427670
427671
427672
427673
427674
427675
427676
427677
427678
427679
427680
427700
427720
427730
427740
427750
427760
427770
427780
427790
427810
427830
426994
426995
426996
426997
426998
426999
427000
427001
427002
427003
427004
427005
427006
427007
427008
427020
427030
427050
427080
427090
427190
427240
427250
427270
427290
427340
427350
427460
426700
426710
426720
426730
426740
426741
426742
426743
426750
426790
426810
426820
426860
426870
426900
426920
426921
426922
426923
426924
426925
426926
426927
426928
426929
426930
426951
426952
426960
426980
426990
426991
426992
426993
426210
426220
426230
426270
426290
426310
426320
426321
426330
426340
426520
426560
426580
426590
426610
426630
426650
426660
426690
425760
425770
425780
425790
425791
425820
425840
425860
425870
425900
425910
425920
425930
425940
425960
425961
425970
425980
425981
425982
425990
426000
426010
426040
426050
426060
426080
426081
426100
426110
426120
426170
426180
426181
426190
426200
425400
425410
425420
425440
425450
425460
425490
425500
425530
425540
425541
425542
425544
425550
425560
425570
425600
425620
425630
425650
425670
425680
425681
425682
425683
425684
425685
425686
425687
425688
425689
425690
425710
425750
424830
424840
424850
424860
424870
424880
424950
425010
425020
425030
425040
425060
425070
425090
425100
425120
425130
425140
425141
425150
425160
425170
425180
425181
425182
425190
425200
425210
425220
425230
425240
425260
425270
425300
425310
425330
425340
425360
425370
425380
424320
424370
424580
424610
424640
424690
424750
424760
424780
424800
423880
423890
423900
423910
423950
424000
424010
424020
424030
424040
424050
424060
424070
424100
424120
424170
424200
424210
424220
424240
424250
424260
424280
423410
423440
423450
423490
423550
423580
423590
423610
423620
423630
423640
423650
423670
423700
423710
423720
423730
423750
423760
423770
423780
423810
423840
423850
423851
423852
423853
423870
423063
423064
423065
423066
423067
423068
423069
423070
423071
423072
423073
423074
423110
423120
423130
423180
423220
423230
423240
423270
423320
423330
423363
423364
423365
423366
423367
423368
423369
423370
423013
423014
423015
423016
423017
423018
423019
423020
423021
423022
423023
423024
423025
423026
423027
423028
423029
423030
423031
423032
423033
423034
423035
423036
423037
423038
423039
423040
423041
423042
423043
423044
423045
423046
423047
423048
423049
423050
423051
423052
423053
423054
423055
423056
423057
423058
423059
423060
423061
423062
422580
422610
422630
422640
422650
422690
422691
422760
422810
422860
422890
422900
422910
422920
422950
422960
422961
422970
422980
423000
423011
423012
422140
422160
422170
422180
422181
422182
422190
422191
422192
422193
422200
422201
422210
422220
422230
422250
422280
422290
422300
422310
422360
422473
422500
422510
421640
421650
421660
421670
421700
421710
421720
421730
421740
421770
421771
421780
421790
421800
421810
421830
421860
421870
421880
421890
421910
421920
421940
421950
422010
422020
422030
422080
422100
422110
422120
422130
421190
421200
421260
421270
421271
421272
421273
421274
421275
421280
421290
421420
421610
421630
420824
420825
420828
420840
420850
420880
420890
420900
420920
420930
420950
420970
420980
421040
421050
421060
421070
421080
421090
421100
421120
421130
421131
421140
421160
421161
421162
421163
421164
421165
421166
421170
421180
420490
420491
420492
420493
420494
420500
420520
420530
420540
420550
420560
420570
420610
420630
420640
420660
420670
420690
420730
420731
420740
420760
420780
420781
420790
420810
420822
420040
420050
420060
420070
420090
420100
420110
420130
420140
420160
420170
420180
420210
420250
420270
420290
420300
420310
420320
420322
420330
420340
420360
420370
420440
420450
420460
420461
420462
420463
419790
419810
419890
419910
419951
419980
419990
420020
420030
419540
419551
419552
419553
419554
419560
419570
419580
419601
419602
419603
419604
419605
419611
419612
419621
419622
419623
419624
419625
419626
419627
419628
419629
419630
419631
419641
419642
419643
419644
419650
419660
419670
419690
419700
419710
419720
419210
419220
419230
419240
419250
419270
419290
419340
419350
419400
419450
419460
419480
419490
418670
418720
418760
418770
418780
418790
418800
418810
418820
418840
418880
418881
418890
418900
418910
418940
418950
418960
419020
419040
419050
419060
419070
419080
419090
419120
419130
418300
418320
418340
418360
418370
418380
418430
418440
418480
418520
418530
418550
418566
418580
418610
418620
418640
418650
417950
417961
417962
417963
417964
417965
417966
417967
417968
417971
417972
417973
417974
417980
418000
418010
418020
418030
418040
418060
418070
418080
418090
418120
418130
418140
418150
418160
418170
418180
418190
418200
418240
418250
418260
418270
418290
417465
417480
417520
417580
417670
417720
417730
417740
417750
417770
417800
417840
417850
417851
417860
417880
417890
417900
417910
417920
417020
417060
417080
417110
417130
417150
417160
417190
417230
417260
417280
417290
417310
417350
417360
417380
417390
417400
417410
417420
417430
417461
417462
417463
417464
416450
416480
416530
416550
416590
416600
416610
416630
416640
416650
416670
416680
416690
416700
416710
416711
416712
416713
416720
416750
416760
416770
416790
416800
416830
416840
416850
416880
416900
416920
416930
415990
416030
416040
416060
416080
416100
416110
416120
416130
416160
416180
416190
416200
416210
416220
416240
416250
416260
416290
416310
416320
416330
416340
416350
416360
416370
416380
416390
416400
416410
416420
416422
416423
416424
416430
416440
415480
415530
415540
415550
415560
415570
415580
415590
415600
415610
415620
415680
415700
415710
415720
415730
415740
415750
415760
415780
415790
415800
415830
415840
415850
415860
415870
415880
415900
415910
415920
415950
415960
415980
415104
415105
415106
415107
415110
415111
415112
415113
415120
415140
415150
415170
415200
415220
415221
415270
415300
415310
415320
415330
415340
415350
415360
415390
415400
415410
415420
415430
415431
415440
414760
414770
414780
414790
414810
414920
414950
415000
415010
415030
415040
415070
415080
415090
415100
415101
415102
415103
414301
414310
414330
414340
414360
414370
414460
414470
414480
414490
414500
414510
414530
414550
414570
414580
414590
414610
414620
414640
414650
414651
414660
414670
414671
414672
414673
414674
414675
414680
414700
414710
414720
414730
413990
413991
414010
414030
414050
414060
414080
414090
414100
414110
414120
414130
414140
414150
414160
414180
414190
414210
414230
414231
414232
414233
414234
414235
414236
414237
414238
414240
414250
414260
414300
413770
413790
413800
413801
413810
413811
413812
413813
413814
413815
413816
413817
413830
413850
413851
413852
413853
413854
413855
413856
413857
413858
413859
413870
413250
413260
413290
413330
413340
413350
413360
413370
413380
413390
413410
413420
413440
413470
413480
413490
413500
413540
413570
413580
413590
413600
413610
413620
413650
413661
413680
413690
413700
413710
413720
413730
413740
413750
413760
412870
412880
412900
412930
412940
412950
412951
412960
412970
412980
412990
413000
413001
413010
413030
413040
413080
413090
413100
413120
413150
413160
413170
413180
413210
413220
413230
413240
412410
412430
412440
412460
412470
412480
412520
412530
412550
412560
412580
412590
412600
412620
412640
412660
412670
412720
412740
412760
412770
412820
412821
412830
411950
411960
411970
411980
412000
412010
412020
412050
412080
412170
412210
412230
412250
412290
412310
412330
412331
412332
412333
412350
412351
412352
412360
412370
412380
411550
411560
411570
411580
411590
411600
411610
411620
411630
411650
411680
411690
411730
411740
411750
411760
411820
411830
411850
411860
411870
411880
411890
411891
411892
411893
411894
411900
411901
411910
411911
411920
411930
411182
411183
411184
411185
411186
411187
411188
411189
411190
411191
411192
411193
411194
411300
411310
411320
411330
411340
411350
411370
411380
411390
411400
411401
411410
411420
411460
411470
411480
411510
411520
411530
410670
410680
410690
410700
410710
410740
410750
410760
410770
410780
410790
410800
410810
410820
410830
410840
410850
410890
410910
410920
410940
410950
410970
410980
410990
411000
411020
411030
411040
411050
411060
411070
411080
411100
411110
411120
411130
411150
411180
411181
410280
410300
410301
410302
410303
410310
410311
410320
410330
410340
410350
410370
410390
410420
410430
410440
410450
410460
410470
410480
410490
410540
410550
410610
410630
410640
410641
410650
410651
410652
410653
410654
409730
409740
409750
409760
409790
409870
409890
409910
409920
409960
409970
409980
409990
410000
410030
410040
410050
410100
410110
410120
410130
410150
410170
410210
410220
410250
410260
409256
409257
409280
409290
409320
409330
409340
409360
409380
409390
409420
409430
409460
409470
409480
409490
409500
409510
409520
409550
409551
409552
409560
409570
409580
409590
409600
409610
409630
409650
409651
409652
409653
409660
409670
409690
409710
409720
408990
409000
409020
409040
409060
409070
409100
409110
409111
409150
409160
409170
409180
409190
409191
409192
409193
409194
409200
409201
409202
409203
409204
409210
409230
409240
409241
409250
409251
409252
409253
409254
409255
408450
408470
408500
408510
408520
408530
408550
408560
408580
408590
408600
408610
408630
408640
408650
408660
408680
408690
408710
408730
408740
408750
408760
408770
408920
408930
408940
408960
408970
408980
408982
408983
408984
408030
408040
408041
408050
408060
408070
408100
408101
408102
408110
408120
408140
408150
408160
408170
408180
408210
408240
408250
408260
408280
408300
408330
408340
408360
408370
408380
408381
408390
408400
408410
408430
408440
407560
407570
407600
407620
407630
407660
407680
407710
407720
407730
407780
407800
407810
407820
407821
407822
407823
407830
407840
407870
407880
407890
407891
407892
407900
407920
407940
407960
407980
408000
408010
407080
407090
407100
407110
407120
407130
407140
407150
407190
407200
407210
407230
407240
407250
407290
407300
407310
407320
407330
407340
407380
407400
407420
407450
407451
407460
407474
407480
407510
407530
407540
406560
406570
406580
406590
406600
406610
406620
406650
406660
406690
406700
406710
406720
406730
406760
406770
406780
406820
406830
406840
406850
406860
406870
406920
406930
406940
406950
406960
407000
407010
407011
407020
407040
407050
407070
406220
406230
406240
406290
406300
406310
406340
406370
406400
406410
406420
406421
406422
406440
406460
406470
406480
406490
406500
406510
406520
406521
406540
405810
405830
405840
405860
405900
405920
405930
405940
405950
405960
405970
406020
406030
406040
406050
406060
406071
406072
406073
406074
406075
406076
406077
406078
406080
406090
406100
406110
406120
406130
406150
406160
406170
405430
405440
405450
405460
405470
405480
405500
405515
405520
405530
405540
405550
405590
405610
405640
405650
405670
405690
405700
405710
405720
405760
404860
404870
404930
404960
404981
404982
404990
405000
405010
405032
405050
405070
405080
405100
405130
405170
405180
405190
405210
405220
405230
405240
405260
405270
405290
405340
405350
405360
404340
404350
404370
404380
404390
404400
404410
404420
404430
404450
404460
404480
404510
404530
404540
404570
404580
404590
404610
404630
404640
404650
404660
404670
404680
404690
404700
404750
404760
404800
404840
404850
404211
404212
404213
404214
404215
404216
404217
404218
404219
404220
404230
404240
404250
404270
404280
404281
404282
404283
404284
404290
404301
404302
404303
404304
404305
404306
404307
404308
404309
404310
404311
404312
404313
404320
404330
404331
404332
404333
404334
404335
404336
404337
403810
403830
403850
403860
403870
403890
403900
403910
403940
403950
403970
403980
403990
404010
404011
404012
404013
404014
404015
404030
404040
404050
404060
404070
404080
404100
404110
404130
404131
404140
404141
404142
404170
404180
404190
404200
404210
403430
403440
403450
403451
403452
403453
403454
403455
403456
403457
403460
403470
403480
403500
403510
403520
403540
403550
403560
403590
403630
403640
403660
403670
403680
403690
403700
403740
403750
403760
403761
403762
403763
403765
403766
403767
403768
403769
403780
403020
403030
403040
403050
403051
403052
403060
403061
403062
403063
403070
403080
403090
403100
403140
403150
403151
403152
403153
403170
403180
403190
403200
403210
403220
403230
403270
403280
403300
403320
403350
403351
403400
403410
402600
402601
402602
402603
402604
402605
402606
402607
402608
402609
402620
402630
402640
402650
402660
402670
402680
402690
402710
402731
402732
402740
402750
402800
402840
402850
402880
402890
402910
402940
402950
402970
402980
402990
402390
402410
402460
402470
402471
402472
402473
402474
402475
402476
402477
402478
402479
402480
402481
402482
402483
402484
402485
402486
402487
402488
402489
402490
402491
402492
402493
402494
402495
402520
402530
402570
402591
402592
402593
402594
402595
402596
402597
402598
402599
401890
401910
401920
401970
402020
402040
402050
402060
402080
402110
402120
402150
402170
402180
402190
402210
402220
402230
402240
402260
402270
402290
402300
402310
402330
402340
402350
402370
401550
401580
401590
401600
401610
401626
401635
401640
401650
401660
401690
401710
401740
401760
401780
401800
401810
401820
401840
401860
401870
401074
401075
401076
401077
401078
401079
401080
401081
401082
401200
401210
401220
401250
401280
401290
401300
401320
401330
401340
401341
401350
401360
401380
401390
401391
401400
401420
401430
401440
401450
401470
401490
401500
401510
401530
401540
401023
401024
401025
401026
401027
401028
401029
401030
401031
401032
401033
401034
401035
401036
401037
401038
401039
401040
401041
401042
401043
401044
401045
401046
401047
401048
401049
401050
401051
401052
401053
401054
401055
401056
401057
401058
401059
401060
401061
401062
401063
401064
401065
401067
401068
401069
401070
401071
401072
401073
400972
400973
400974
400975
400977
400978
400979
400980
400981
400982
400983
400984
400985
400986
400987
400988
400989
400990
400991
400992
400993
400994
400995
400996
400997
400998
400999
401000
401001
401002
401003
401004
401005
401006
401007
401008
401009
401010
401011
401012
401013
401014
401015
401016
401017
401018
401019
401020
401021
401022
400894
400895
400896
400897
400898
400899
400900
400901
400902
400903
400904
400905
400906
400907
400908
400909
400910
400920
400921
400922
400923
400924
400925
400926
400927
400928
400929
400930
400931
400932
400933
400934
400935
400936
400937
400939
400940
400950
400960
400961
400962
400963
400964
400965
400966
400967
400968
400969
400970
400971
400551
400560
400570
400580
400600
400630
400650
400660
400690
400710
400720
400721
400750
400760
400770
400780
400790
400800
400810
400820
400821
400822
400840
400841
400842
400850
400880
400890
400891
400892
400893
400080
400110
400120
400130
400140
400160
400170
400180
400200
400220
400230
400240
400250
400280
400320
400330
400350
400360
400370
400380
400390
400400
400410
400420
400430
400450
400460
400470
400480
400500
400510
399660
399670
399680
399730
399750
399760
399780
399790
399810
399820
399830
399831
399832
399833
399834
399835
399836
399837
399840
399860
399870
399880
399900
399910
399920
399940
400030
400040
400050
400070
399240
399260
399280
399290
399300
399310
399320
399330
399340
399420
399430
399460
399520
399530
399550
399560
399570
399600
399610
399620
399640
398810
398820
398840
398850
398860
398890
398900
398910
398911
398913
398915
398916
398917
398920
398930
398940
398950
398960
398970
398980
398990
399000
399010
399020
399021
399040
399070
399110
399120
399140
398260
398280
398310
398430
398440
398450
398460
398470
398471
398472
398473
398480
398520
398530
398600
398620
398630
398640
398670
398680
398710
397750
397760
397770
397780
397790
397800
397810
397820
397830
397840
397850
397860
397870
397880
397910
397920
397930
397940
397950
397960
397970
397990
398000
398030
398040
398100
398110
398120
398140
398150
398170
398180
398210
398240
398250
397270
397310
397320
397330
397340
397350
397360
397370
397380
397381
397390
397400
397420
397430
397440
397460
397500
397530
397540
397550
397570
397600
397610
397640
397660
397670
397680
397690
397720
397730
396900
396910
396920
396930
396940
396960
396990
397000
397010
397020
397030
397040
397050
397060
397080
397090
397100
397140
397150
397160
397170
397180
397190
397200
397210
397220
397230
397240
396434
396435
396440
396450
396460
396470
396480
396490
396510
396520
396530
396560
396590
396610
396620
396640
396650
396660
396680
396690
396700
396710
396730
396740
396750
396760
396780
396790
396800
396810
396820
396830
396850
396860
396870
396890
396030
396060
396090
396160
396170
396171
396173
396190
396220
396230
396240
396250
396260
396280
396290
396310
396320
396350
396360
396420
396430
396431
396432
396433
395510
395520
395530
395550
395560
395570
395580
395600
395620
395640
395690
395700
395830
395850
395860
395880
395890
395900
395910
395930
395940
395950
395960
395970
395990
396010
395140
395150
395160
395170
395180
395190
395200
395210
395230
395231
395232
395233
395234
395235
395236
395237
395238
395250
395260
395270
395290
395300
395350
395370
395380
395400
395410
395420
395440
395441
395450
395460
395470
395480
395500
394650
394680
394700
394710
394720
394750
394760
394770
394782
394783
394790
394810
394811
394840
394850
394870
394890
394900
394910
394920
394930
394940
394950
394970
394990
395020
395050
395051
395060
395070
395100
394280
394290
394310
394320
394321
394340
394350
394370
394390
394400
394410
394420
394421
394422
394423
394424
394425
394426
394427
394430
394480
394490
394510
394540
394550
394560
394561
394600
393850
393860
393910
393920
393930
393950
393970
393980
393990
394000
394010
394030
394040
394050
394060
394061
394080
394090
394120
394140
394160
394170
394190
394200
394201
394220
394260
394270
393350
393360
393390
393400
393420
393430
393460
393480
393500
393510
393520
393530
393550
393560
393600
393610
393630
393640
393650
393660
393690
393700
393710
393720
393730
393740
393750
393770
393790
393800
393820
393830
393831
393020
393021
393022
393023
393024
393025
393026
393040
393041
393042
393043
393080
393100
393150
393160
393170
393190
393200
393220
393230
393240
393250
393270
393280
393320
393340
392600
392610
392630
392640
392641
392642
392643
392644
392645
392646
392647
392660
392670
392690
392720
392760
392780
392790
392810
392820
392830
392840
392860
392880
392890
392900
392940
392950
392960
392970
392980
393010
392030
392060
392070
392080
392090
392100
392110
392120
392150
392190
392230
392240
392260
392280
392290
392300
392320
392330
392340
392390
392400
392410
392420
392430
392440
392450
392470
392580
391510
391520
391540
391550
391570
391580
391590
391600
391630
391640
391650
391660
391680
391720
391730
391740
391750
391780
391820
391830
391840
391860
391880
391900
391910
391920
391930
391940
391950
391960
392000
392020
391030
391050
391070
391080
391100
391120
391140
391150
391160
391170
391180
391190
391200
391210
391220
391240
391250
391260
391270
391280
391290
391310
391340
391380
391390
391400
391410
391420
391440
391450
391460
391470
391480
391490
390610
390620
390630
390640
390650
390651
390652
390653
390654
390655
390656
390657
390658
390659
390660
390680
390690
390710
390720
390730
390740
390750
390760
390790
390791
390792
390800
390870
390880
390890
390920
390930
390940
390980
391000
391010
390425
390426
390427
390428
390429
390430
390431
390432
390433
390434
390435
390436
390437
390438
390439
390440
390441
390442
390443
390444
390445
390446
390447
390448
390449
390450
390451
390452
390453
390454
390455
390456
390457
390458
390459
390460
390470
390480
390490
390510
390520
390540
390560
390570
390580
390590
390375
390376
390377
390378
390379
390380
390381
390382
390383
390384
390385
390386
390387
390388
390389
390390
390391
390392
390393
390394
390395
390396
390397
390398
390399
390400
390401
390402
390403
390404
390405
390406
390407
390408
390409
390410
390411
390412
390413
390414
390415
390416
390417
390418
390419
390420
390421
390422
390423
390424
390090
390100
390120
390160
390180
390200
390210
390220
390230
390290
390310
390320
390330
390340
390360
390361
390362
390363
390364
390365
390366
390367
390368
390369
390370
390371
390372
390373
390374
389670
389680
389690
389700
389710
389720
389740
389750
389770
389810
389830
389870
389900
389910
389911
389912
389913
389914
389915
389916
389917
389920
389921
389922
389930
389940
389950
389960
389970
389980
389990
390020
390030
390040
390060
390070
389440
389460
389470
389509
389510
389540
389570
389591
389600
389610
389620
389630
389650
388950
388960
388970
388980
389010
389050
389090
389120
389140
389150
389160
389170
389180
389190
389220
389230
389240
389250
389260
389280
389291
389300
389310
389330
389350
389370
389380
389400
389420
389421
389430
388473
388474
388475
388476
388477
388479
388480
388490
388500
388520
388550
388580
388620
388660
388670
388680
388700
388710
388720
388730
388750
388790
388800
388810
388830
388880
388900
388910
388050
388060
388070
388090
388140
388160
388210
388260
388270
388280
388300
388310
388320
388340
388350
388360
388370
388390
388420
388430
388440
388470
388471
388472
387743
387744
387745
387770
387780
387790
387800
387810
387820
387840
387850
387860
387880
387890
387910
387920
387921
387930
387960
387970
387980
387981
387982
387983
387984
387990
388000
388010
388020
388030
1455140
1455150
1455160
1455180
1455200
1455210
1455220
1455230
1455240
1455290
1455300
1455310
1455320
1455340
1455350
1455360
1455380
1455390
1455420
1455430
1455450
1455460
1455480
1455490
1455510
1455540
1455550
1455560
1455570
1455590
1455600
1455610
1454630
1454640
1454650
1454660
1454690
1454700
1454720
1454730
1454750
1454770
1454800
1454810
1454860
1454870
1454871
1454920
1454930
1454950
1454970
1455000
1455010
1455020
1455040
1455060
1455070
1455080
1455090
1455100
1455120
1454210
1454220
1454270
1454310
1454320
1454340
1454350
1454360
1454380
1454390
1454400
1454410
1454430
1454440
1454460
1454480
1454490
1454510
1454520
1454540
1454550
1454560
1454570
1454580
1454600
1454610
1453720
1453740
1453790
1453800
1453801
1453802
1453810
1453830
1453850
1453860
1453870
1453880
1453890
1453920
1453930
1453940
1453950
1453960
1453980
1453990
1454000
1454010
1454030
1454040
1454050
1454060
1454070
1454080
1454090
1454110
1454120
1454130
1454140
1454150
1453210
1453220
1453230
1453250
1453270
1453280
1453350
1453360
1453370
1453380
1453400
1453410
1453430
1453440
1453450
1453460
1453480
1453490
1453500
1453510
1453580
1453581
1453582
1453583
1453584
1453585
1453590
1453600
1453610
1453630
1453640
1453650
1453660
1453670
1453690
1453710
1452790
1452830
1452850
1452860
1452870
1452890
1452900
1452910
1452930
1452950
1452990
1453000
1453010
1453030
1453060
1453070
1453080
1453100
1453120
1453130
1453140
1453160
1453170
1453180
1453200
1452280
1452300
1452320
1452350
1452360
1452410
1452440
1452450
1452460
1452470
1452490
1452500
1452520
1452530
1452540
1452560
1452570
1452580
1452590
1452600
1452610
1452620
1452630
1452640
1452670
1452680
1452700
1452710
1452730
1452740
1452750
1452770
1452780
1451860
1451870
1451880
1451890
1451910
1451920
1451950
1451970
1451980
1452000
1452030
1452040
1452050
1452070
1452090
1452110
1452130
1452140
1452150
1452170
1452210
1452220
1452260
1452270
1451520
1451521
1451540
1451560
1451570
1451580
1451650
1451680
1451700
1451710
1451720
1451730
1451740
1451750
1451760
1451770
1451790
1451800
1451810
1451830
1451840
1451850
1451023
1451024
1451030
1451040
1451050
1451070
1451080
1451110
1451120
1451130
1451140
1451150
1451160
1451170
1451180
1451200
1451210
1451240
1451260
1451270
1451280
1451300
1451330
1451340
1451360
1451390
1451400
1451410
1451420
1451430
1451440
1451460
1451470
1451480
1451490
1451500
1450571
1450580
1450590
1450620
1450630
1450640
1450650
1450660
1450690
1450700
1450710
1450720
1450730
1450740
1450741
1450750
1450760
1450770
1450780
1450790
1450800
1450810
1450820
1450830
1450840
1450860
1450880
1450930
1450940
1450950
1450960
1450970
1450980
1450990
1451010
1451020
1451021
1451022
1450160
1450170
1450180
1450190
1450200
1450210
1450220
1450240
1450250
1450260
1450270
1450280
1450290
1450300
1450310
1450330
1450340
1450350
1450370
1450410
1450420
1450430
1450440
1450450
1450460
1450470
1450490
1450510
1450530
1450540
1450550
1450560
1449700
1449740
1449750
1449760
1449800
1449820
1449830
1449840
1449860
1449870
1449880
1449900
1449920
1449930
1449940
1449960
1449980
1450000
1450010
1450020
1450030
1450040
1450050
1450060
1450070
1450080
1450090
1450110
1450120
1450130
1450140
1449250
1449260
1449270
1449280
1449310
1449320
1449340
1449350
1449370
1449380
1449400
1449420
1449430
1449440
1449441
1449442
1449450
1449460
1449470
1449480
1449500
1449510
1449550
1449560
1449570
1449580
1449590
1449610
1449620
1449640
1449650
1449660
1449670
1449680
1449690
1448800
1448820
1448840
1448850
1448880
1448910
1448930
1448940
1448950
1448960
1448970
1448980
1448990
1449000
1449010
1449020
1449040
1449060
1449070
1449080
1449100
1449120
1449140
1449180
1449190
1449200
1448350
1448380
1448400
1448420
1448430
1448440
1448450
1448500
1448510
1448511
1448512
1448520
1448530
1448540
1448560
1448580
1448581
1448582
1448590
1448600
1448610
1448620
1448630
1448640
1448650
1448660
1448680
1448720
1448740
1448750
1448760
1448780
1448790
1447850
1447870
1447880
1447900
1447910
1447920
1447930
1447970
1448010
1448030
1448040
1448050
1448060
1448070
1448080
1448090
1448100
1448101
1448110
1448120
1448130
1448140
1448150
1448160
1448170
1448180
1448200
1448210
1448220
1448230
1448240
1448250
1448260
1448290
1448300
1448310
1448320
1448330
1447350
1447360
1447370
1447400
1447410
1447430
1447440
1447450
1447460
1447470
1447490
1447540
1447560
1447570
1447580
1447590
1447600
1447620
1447640
1447660
1447680
1447700
1447710
1447720
1447730
1447740
1447770
1447800
1447820
1447830
1447840
1446860
1446880
1446890
1446900
