442070
442120
442140
442190
442210
442220
442230
442260
442290
441670
441680
441770
441790
441830
441850
441870
442000
441280
441350
441380
441440
441510
441560
441640
440880
440950
441010
441050
441060
441230
441250
440380
440410
440420
440450
440470
440520
440540
440550
440630
440640
440650
440660
440690
440720
440730
440740
440750
440760
440770
440790
440800
440810
439910
439940
439960
440020
440120
440340
439420
439440
439460
439490
439530
439550
439700
439720
439730
439740
439750
439770
439800
439880
438910
438920
438940
439190
439250
439260
439310
439340
439370
438420
438430
438440
438450
438460
438480
438490
438560
438600
438640
438650
438660
438680
438720
438730
438770
438780
438790
438820
438000
438010
438020
438030
438080
438090
438110
438120
438130
438160
438180
438200
438210
438220
438240
438260
438300
438310
438320
438330
438340
438350
438360
437520
437530
437550
437570
437610
437630
437690
437710
437720
437730
437740
437870
437880
437900
437920
437160
437180
437220
437250
437340
437380
437390
437420
436670
436690
436740
436780
436850
436870
436940
436950
437000
437010
437020
437030
437060
437080
437090
437100
436490
436500
436510
436520
436560
436060
436110
436140
436150
436160
436180
436230
436240
436260
436270
436280
436290
436320
436340
436360
436390
436400
436470
436480
2572990
2573000
2573010
2573030
2573040
2573050
2573100
2573150
2573170
2573190
2573200
2573230
2573240
2573260
2573320
2573350
2573410
2573420
2573430
2573440
2572550
2572560
2572600
2572620
2572630
2572690
2572720
2572820
2572860
2572870
2572930
2571980
2572040
2572060
2572100
2572130
2572150
2572180
2572260
2572280
2572300
2572320
2572330
2572340
2572360
2572370
2571480
2571490
2571500
2571530
2571540
2571550
2571560
2571580
2571600
2571610
2571630
2571650
2571670
2571690
2571700
2571720
2571730
2571780
2571800
2571810
2571840
2571880
2571900
2570950
2570980
2571120
2571140
2571160
2571170
2571180
2571200
2571240
2571270
2571290
2571310
2571330
2571350
2571400
2571410
2571420
2570450
2570460
2570640
2570690
2570710
2570720
2570740
2570810
2570820
2570830
2570850
2570870
2570880
2570900
2569980
2569990
2570040
2570080
2570110
2570130
2570140
2570150
2570160
2570200
2570210
2570230
2570280
2570380
2570390
2570410
2570430
2569460
2569470
2569500
2569520
2569560
2569570
2569580
2569590
2569600
2569610
2569650
2569660
2569670
2569680
2569710
2569780
2569820
2569830
2569840
2569850
2569860
2569870
2569890
2569910
2569930
2568960
2568990
2569030
2569060
2569130
2569170
2569220
2569240
2569250
2569280
2569310
2569320
2569390
2569410
2569430
2569440
2568460
2568480
2568510
2568520
2568540
2568560
2568590
2568600
2568610
2568640
2568650
2568690
2568700
2568710
2568780
2568800
2568810
2568860
2568870
2568880
2568890
2568910
2568930
2567950
2567970
2568000
2568040
2568050
2568060
2568410
2567460
2567480
2567490
2567510
2567530
2567550
2567570
2567590
2567600
2567620
2567630
2567670
2567680
2567700
2567710
2567730
2567750
2567760
2567770
2567780
2567790
2567800
2567810
2567880
2567910
2567920
2567930
2566970
2567040
2567050
2567060
2567070
2567090
2567170
2567190
2567210
2567230
2567260
2567290
2567300
2567320
2567340
2567360
2567390
2567400
2567410
2567420
2567430
2566440
2566450
2566470
2566480
2566490
2566510
2566520
2566580
2566620
2566650
2566700
2566730
2566830
2566840
2566870
2565960
2566020
2566030
2566090
2566130
2566150
2566160
2566190
2566200
2566210
2566230
2566240
2566260
2566270
2566310
2566320
2566350
2566360
2566370
2566380
2566430
2565440
2565450
2565460
2565470
2565480
2565490
2565500
2565520
2565560
2565590
2565650
2565730
2564940
2564950
2565000
2565010
2565170
2565180
2565190
2565200
2565210
2565260
2565310
2565320
2565340
2565350
2565410
2564440
2564450
2564460
2564550
2564560
2564590
2564600
2564630
2564660
2564680
2564700
2564720
2564740
2564770
2564810
2564820
2564850
2564870
2564880
2564900
2564910
2564920
2563930
2563960
2563980
2564000
2564020
2564040
2564050
2564070
2564080
2564090
2564100
2564110
2564120
2564200
2564240
2564260
2564320
2564330
2564340
2564370
2564410
2563430
2563440
2563460
2563490
2563540
2563550
2563570
2563580
2563740
2563760
2563770
2563780
2563790
2563800
2563820
2563850
2562930
2562980
2563030
2563050
2563090
2563120
2563130
2563140
2563160
2563180
2563230
2563250
2563270
2563300
2563310
2563330
2563340
2563350
2563360
2563400
2563410
2563420
2562430
2562450
2562460
2562470
2562510
2562530
2562540
2562580
2562590
2562610
2562620
2562710
2562730
2562810
2562870
2562900
2561950
2561970
2561980
2561990
2562000
2562010
2562020
2562040
2562100
2562120
2562130
2562210
2562240
2562280
2562290
2562300
2562310
2562330
2562360
2562400
